User Registration:
t=n/2+1(n=10,20,30,40,50):971779; 1018215; 1203977;1436139;1668335;1900499;2132732;2364859;2597085;2829219; 3061501
Re-encrypted Key Generation:  
t=n/2+1:1636156; 3418756;5201356;6983959;8766556;10705348;12331756;14441732;15896956;18287276
Ciphertext Re-encryption:
t=n/2+1:1504761;2917521;4330281;5743045; 7155801; 8568565; 9981321; 11401421;12806841; 14234235

VKVerify: 
t=n/2+1:178354; 
ReKesVerify:
t=n/2+1: 1079049;2361484;3643919;4926357;6208789;7647590;8773659;10383715;11338529;13228825
ReCipherVerify:
t=n/2+1:1046552;2069462;3092372;4115285;5138192;6163538;7184012;8214219;9229832;10267326